0,1,2,3,4,5,6,7,8,9,10,11,12,13
0,1.0,2.0,3.0,4.0,5.0,6.0,7.0,8.0,9.0,10.0,11.0,12.0,13.0
0,1.0,2.0,3.0,4.0,5.0,6.0,7.0,8.0,9.0,10.0,11.0,12.0,13.0
300,1650639987.5747876,33.268428802490234,-69.15507507324219,1503.193115234375,-0.6409080028533936,0.7027557492256165,0.3088224530220032,-0.5112969279289246,-0.690902054309845,0.5111064314842224,0.572549045085907,0.1696722358465194,0.8021215200424194
4,1650639987.574811,-258.07928466796875,-137.21347045898438,1468.8543701171875,-0.2547724843025207,0.9474398493766784,-0.1935168206691742,-0.906234860420227,-0.3037547171115875,-0.2940602302551269,-0.3373860120773315,0.1004532352089881,0.93599134683609
300,1650639987.6035218,33.276302337646484,-69.13995361328125,1503.20458984375,-0.64114910364151,0.7028582692146301,0.3080878853797912,-0.5113738775253296,-0.690636396408081,0.5113884210586548,0.5722102522850037,0.1703281104564666,0.8022242188453674
4,1650639987.6035678,-257.0036926269531,-137.0399932861328,1468.4888916015625,-0.2490010857582092,0.9478935599327089,-0.1987367421388626,-0.9062095284461976,-0.300432026386261,-0.2975313663482666,-0.341734915971756,0.1060115098953247,0.93379807472229
300,1650639987.6335697,33.269020080566406,-69.14289855957031,1503.2255859375,-0.6409466862678528,0.7027726769447327,0.3087036609649658,-0.5113886594772339,-0.6908823251724243,0.5110413432121277,0.5724237561225891,0.1696826815605163,0.8022087216377258
4,1650639987.6335952,-256.2405090332031,-136.5235137939453,1467.7950439453125,-0.2436269074678421,0.949589729309082,-0.1972949802875518,-0.9053890109062196,-0.2956088781356811,-0.3047722578048706,-0.3477307558059692,0.1043779850006103,0.931766390800476
300,1650639987.6621077,33.270389556884766,-69.17656707763672,1503.2305908203125,-0.6410543918609619,0.7028331756591797,0.3083419799804687,-0.5112717747688293,-0.6906943321228027,0.5114122629165649,0.5724075436592102,0.1701965183019638,0.8021114468574524
4,1650639987.662133,-255.6824493408203,-135.57505798339844,1466.6422119140625,-0.2403254359960556,0.9503454566001892,-0.1977049559354782,-0.9029349684715272,-0.2936249375343323,-0.3138356506824493,-0.3563033640384674,0.103092037141323,0.9286656975746156
300,1650639987.6978345,33.26203918457031,-69.18455505371094,1503.1875,-0.6409404277801514,0.7030795812606812,0.3080170154571533,-0.5110271573066711,-0.6902686357498169,0.5122309327125549,0.5727535486221313,0.1709044426679611,0.8017138242721558
4,1650639987.697862,-255.94493103027344,-134.0934295654297,1465.1568603515625,-0.2392055690288543,0.9520445466041564,-0.1907666474580764,-0.8996219038963318,-0.2912303209304809,-0.3253695070743561,-0.3653233051300049,0.0937876552343368,0.926144003868103
300,1650639987.727538,33.2491569519043,-69.21866607666016,1503.1904296875,-0.6409894227981567,0.7029353976249695,0.3082440793514251,-0.5110581517219543,-0.6904932260513306,0.511897087097168,0.5726709961891174,0.1705899536609649,0.8018397688865662
4,1650639987.7275703,-256.2239685058594,-133.0508575439453,1464.166748046875,-0.2385551631450653,0.9531861543655396,-0.1858158856630325,-0.8963049054145813,-0.2897567451000213,-0.3356762230396271,-0.3738033473491668,0.0864703953266143,0.9234684109687804
300,1650639987.765528,33.25039291381836,-69.22103118896484,1503.1812744140625,-0.6410757303237915,0.7028399705886841,0.308282196521759,-0.5111384391784668,-0.6906328797340393,0.5116285085678101,0.5725027918815613,0.1704177409410476,0.8019964694976807
4,1650639987.7655518,-255.81491088867188,-132.26235961914062,1463.29052734375,-0.2361070215702057,0.9534783959388732,-0.1874365806579589,-0.8937089443206787,-0.2887999415397644,-0.3433350026607513,-0.3814941644668579,0.0864499509334564,0.9203198552131652
300,1650639987.795595,33.25371551513672,-69.21774291992188,1503.1805419921875,-0.6410937905311584,0.7028945088386536,0.3081202208995819,-0.5112004280090332,-0.6905518770217896,0.5116758942604065,0.5724272131919861,0.170521080493927,0.802028477191925
4,1650639987.7956192,-255.0430450439453,-132.25440979003906,1463.0556640625,-0.2366125136613845,0.95185524225235,-0.194900244474411,-0.8925542831420898,-0.2921983897686004,-0.3434632420539856,-0.3838768303394317,0.0926913395524025,0.918720245361328
300,1650639987.8284023,33.25474166870117,-69.2469253540039,1503.199462890625,-0.64108806848526,0.7030155062675476,0.307856023311615,-0.5109491348266602,-0.6902785897254944,0.5122952461242676,0.5726579427719116,0.1711275577545166,0.8017345666885376
4,1650639987.8284297,-254.77943420410156,-132.4483642578125,1463.11865234375,-0.2363229691982269,0.9519346356391908,-0.1948637813329696,-0.8923726677894592,-0.2919789850711822,-0.3441210985183716,-0.384476900100708,0.092567391693592,0.9184817671775818
300,1650639987.8581314,33.2546272277832,-69.2345962524414,1503.190673828125,-0.6409747004508972,0.7029686570167542,0.3081988394260406,-0.5109456181526184,-0.6904116868972778,0.5121194124221802,0.5727879405021667,0.1707827299833297,0.8017151355743408
4,1650639987.8581555,-254.66453552246097,-132.57138061523438,1463.1265869140625,-0.2375493794679641,0.9513572454452516,-0.1961878091096878,-0.891840934753418,-0.2936446666717529,-0.3440821468830108,-0.3849545419216156,0.0932318270206451,0.9182144999504088
300,1650639987.8930404,33.26232147216797,-69.21161651611328,1503.181640625,-0.6409884691238403,0.7026754021644592,0.308838278055191,-0.5111736059188843,-0.6909590363502502,0.5111527442932129,0.5725690722465515,0.1697730273008346,0.8020858764648438
4,1650639987.893082,-254.65928649902344,-132.75674438476562,1463.39697265625,-0.2366124242544174,0.9517961144447328,-0.1951888501644134,-0.8929749727249146,-0.2922002375125885,-0.3423662781715393,-0.382897138595581,0.0932906419038772,0.9190683364868164
300,1650639987.9215522,33.26784896850586,-69.19413757324219,1503.1640625,-0.6410638093948364,0.7029210329055786,0.3081220984458923,-0.5111747980117798,-0.6905150413513184,0.5117512345314026,0.5724836587905884,0.1705609709024429,0.8019797205924988
4,1650639987.9215772,-254.56411743164065,-132.9608154296875,1463.5745849609375,-0.2353019118309021,0.9521214962005616,-0.1951862275600433,-0.894236147403717,-0.2907577157020569,-0.3402964472770691,-0.3807554543018341,0.094470165669918,0.9198372960090636
300,1650639987.9606156,33.273563385009766,-69.18647003173828,1503.168212890625,-0.6410632729530334,0.7029463052749634,0.3080655038356781,-0.5112632513046265,-0.6904996037483215,0.5116836428642273,0.572405219078064,0.1705190539360046,0.8020445704460144
4,1650639987.9606397,-254.3247985839844,-133.37840270996094,1463.9683837890625,-0.2340173423290252,0.9523237943649292,-0.1957427859306335,-0.895616352558136,-0.2895000874996185,-0.3377293050289154,-0.3782952129840851,0.0962759181857109,0.9206647872924804
300,1650639987.9878645,33.27115249633789,-69.1913833618164,1503.1695556640625,-0.6409127116203308,0.7030974626541138,0.3080338835716247,-0.5110384821891785,-0.6902560591697693,0.5122365355491638,0.5727744698524475,0.170881763100624,0.801703691482544
4,1650639987.9878886,-254.5281524658203,-133.379638671875,1464.0140380859375,-0.2349786460399627,0.952483594417572,-0.1938041597604751,-0.895828366279602,-0.2895900905132293,-0.3370891213417053,-0.3771955966949463,0.0944065377116203,0.9213093519210817
300,1650639988.0200746,33.276981353759766,-69.18912506103516,1503.1650390625,-0.6410084366798401,0.7030971050262451,0.3078354299068451,-0.5110304951667786,-0.6902067065238953,0.5123109817504883,0.5726744532585144,0.1710823774337768,0.8017323613166809
4,1650639988.0201,-254.93539428710935,-133.23834228515625,1463.962158203125,-0.2363928854465484,0.9528857469558716,-0.1900713443756103,-0.895379364490509,-0.2896011769771576,-0.3382705748081207,-0.3773781061172485,0.0902212113142013,0.9216538667678832
300,1650639988.0458157,33.272430419921875,-69.19573974609375,1503.1702880859375,-0.6409814953804016,0.7029005289077759,0.3083400428295135,-0.5111343860626221,-0.6905777454376221,0.5117069482803345,0.5726118683815002,0.1703914850950241,0.8019241690635681
4,1650639988.045842,-255.294189453125,-133.1776123046875,1463.96533203125,-0.2382804602384567,0.9527655243873596,-0.1883090734481811,-0.8950809836387634,-0.2906838357448578,-0.3381314873695373,-0.3768984377384186,0.0879817530512809,0.922066569328308
300,1650639988.07448,33.25497055053711,-69.22052001953125,1503.1558837890625,-0.6408267021179199,0.7031546235084534,0.3080823123455047,-0.5109025835990906,-0.6901630759239197,0.5124973058700562,0.5729919075965881,0.171021893620491,0.801518440246582
4,1650639988.0745046,-255.6838226318359,-133.1421661376953,1463.9881591796875,-0.2404454052448272,0.9527477025985718,-0.1856282353401184,-0.8949027061462402,-0.2916556298732757,-0.3377664387226105,-0.3759457170963287,0.0849048197269439,0.9227437376976012
300,1650639988.1039364,33.25221633911133,-69.22357940673828,1503.162841796875,-0.6407874226570129,0.7029908299446106,0.3085374236106872,-0.5109670162200928,-0.6904738545417786,0.5120142102241516,0.5729783177375793,0.1704398244619369,0.8016521334648132
4,1650639988.1039624,-256.2131652832031,-133.05691528320312,1463.9788818359375,-0.2420526891946792,0.9532058835029602,-0.1811327189207077,-0.8942300081253052,-0.2916063368320465,-0.3395857214927673,-0.3765145540237427,0.0797766745090484,0.922969400882721
300,1650639988.1295738,33.25752639770508,-69.2301254272461,1503.1722412109375,-0.6408551931381226,0.7029620409011841,0.308462381362915,-0.5110220313072205,-0.6905046105384827,0.5119178891181946,0.5728535056114197,0.1704341322183609,0.8017424941062927
4,1650639988.1295998,-256.6695861816406,-132.95066833496094,1463.9822998046875,-0.2434139847755432,0.9534942507743835,-0.1777592152357101,-0.8937675356864929,-0.2916887104511261,-0.3407305479049682,-0.3767350018024444,0.0759368240833282,0.9232032895088196
300,1650639988.174352,33.27192306518555,-69.21891784667969,1503.1923828125,-0.6408848762512207,0.7031649351119995,0.3079377710819244,-0.5109047889709473,-0.6901177167892456,0.5125561952590942,0.5729248523712158,0.1711626499891281,0.8015363216400146
4,1650639988.1743765,-256.8087463378906,-133.14443969726562,1464.270263671875,-0.2439838498830795,0.9537065029144288,-0.1758288145065307,-0.8939958214759827,-0.2914532423019409,-0.3403328359127044,-0.3758234977722168,0.0741545185446739,0.9237195253372192
300,1650639988.2016935,33.26511001586914,-69.22655487060547,1503.201416015625,-0.6408436894416809,0.7029814720153809,0.3084418773651123,-0.5110066533088684,-0.6904733777046204,0.5119752287864685,0.5728800296783447,0.170480266213417,0.801713764667511
4,1650639988.2017183,-256.6618957519531,-133.38710021972656,1464.4215087890625,-0.2435007095336914,0.9537509083747864,-0.1762571781873703,-0.8955756425857544,-0.2908647954463959,-0.336663007736206,-0.3723596632480621,0.0758739486336708,0.9249818325042723
300,1650639988.238797,33.25650405883789,-69.22180938720703,1503.1781005859375,-0.6407747864723206,0.7029132843017578,0.3087404072284698,-0.5109952092170715,-0.6906171441078186,0.511792778968811,0.5729673504829407,0.1701790243387222,0.8017153739929199
4,1650639988.2388232,-256.3355712890625,-133.79698181152344,1464.7205810546875,-0.2413602471351623,0.9543049335479736,-0.17620250582695,-0.8969248533248901,-0.2886906564235687,-0.3349381387233734,-0.3705011308193207,0.0771996453404426,0.9256182312965392
300,1650639988.2677002,33.25895309448242,-69.23652648925781,1503.1810302734375,-0.6409696936607361,0.7029022574424744,0.3083605766296386,-0.5110591053962708,-0.6905582547187805,0.511808454990387,0.5726922750473022,0.1704632341861724,0.8018515110015869
4,1650639988.2677252,-256.1545104980469,-134.02366638183594,1464.823486328125,-0.23987677693367,0.9546111822128296,-0.1765690743923187,-0.8969170451164246,-0.2875206172466278,-0.3359638452529907,-0.3714820742607116,0.0777778923511505,0.9251765608787536
300,1650639988.303028,33.260677337646484,-69.24015045166016,1503.189697265625,-0.6410402655601501,0.7030013799667358,0.3079877197742462,-0.5110109448432922,-0.6903442740440369,0.5121451020240784,0.5726562738418579,0.1709205508232116,0.8017798662185669
4,1650639988.3030553,-256.0339660644531,-134.07725524902344,1464.747802734375,-0.2391679286956787,0.954823076725006,-0.1763847321271896,-0.897624671459198,-0.2866856455802917,-0.3347854018211365,-0.3702278137207031,0.0782573521137237,0.9256387948989868
300,1650639988.3286426,33.25978469848633,-69.2279052734375,1503.1771240234375,-0.6407771110534668,0.7028733491897583,0.3088263869285583,-0.510966420173645,-0.6906735897064209,0.5117453932762146,0.5729904174804688,0.1701148301362991,0.8017125129699707
4,1650639988.3286676,-255.90869140625,-134.10220336914062,1464.74169921875,-0.2388379275798797,0.9549051523208618,-0.1763875037431717,-0.8979280591011047,-0.2863330245018005,-0.3342731893062591,-0.3697047531604767,0.0785461813211441,0.9258233308792114
300,1650639988.36452,33.25209426879883,-69.25802612304688,1503.1915283203125,-0.6408957242965698,0.7028712630271912,0.308584988117218,-0.5109988451004028,-0.6906282901763916,0.5117741227149963,0.5728288292884827,0.1703072935342788,0.8017870783805847
4,1650639988.364546,-255.7675018310547,-134.41551208496094,1464.7598876953125,-0.2385587841272354,0.955001413822174,-0.1762441992759704,-0.8988824486732483,-0.2858341336250305,-0.3321283161640167,-0.3675596117973327,0.0791906863451004,0.926622211933136
300,1650639988.3938437,33.24813461303711,-69.24907684326172,1503.1923828125,-0.6409313082695007,0.7029228210449219,0.3083935678005218,-0.5110032558441162,-0.6905264854431152,0.5119070410728455,0.5727850794792175,0.1705071181058883,0.8017758727073669
4,1650639988.3938684,-255.7839202880859,-134.6665496826172,1464.86962890625,-0.2385187894105911,0.9553781747817992,-0.1742449253797531,-0.8988443613052368,-0.2851111888885498,-0.3328519463539123,-0.3676786720752716,0.0772276222705841,0.9267406463623048
300,1650639988.429785,33.2432861328125,-69.26221466064453,1503.181396484375,-0.6408718228340149,0.703008770942688,0.3083212077617645,-0.5109014511108398,-0.6903828382492065,0.5122023224830627,0.5729423761367798,0.1707343012094497,0.8016151189804077
4,1650639988.429811,-255.8911590576172,-134.8718719482422,1464.857666015625,-0.2400276958942413,0.9556455612182616,-0.1706700623035431,-0.8989092111587524,-0.285180002450943,-0.332617849111557,-0.3665364384651184,0.0735793933272361,0.927489697933197
300,1650639988.4944153,33.26451110839844,-69.22734069824219,1503.178466796875,-0.6409627199172974,0.7029054164886475,0.3083679676055908,-0.5110987424850464,-0.6905683279037476,0.5117552876472473,0.5726646780967712,0.1704095602035522,0.8018826246261597
4,1650639988.4944415,-255.81350708007812,-135.19273376464844,1465.269775390625,-0.2429986447095871,0.9556342959403992,-0.1664773523807525,-0.8982523679733276,-0.2864678502082824,-0.3332850039005279,-0.3661890029907226,0.0685508623719215,0.9280120730400084
300,1650639988.523811,33.257259368896484,-69.26676940917969,1503.154296875,-0.6409218907356262,0.7031135559082031,0.3079779744148254,-0.5108170509338379,-0.6901585459709167,0.512588620185852,0.5729616284370422,0.1712088733911514,0.801500141620636
4,1650639988.523838,-255.86268615722656,-135.41131591796875,1465.3455810546875,-0.2444138675928115,0.9553913474082948,-0.1657987982034683,-0.8987395763397217,-0.2873920500278473,-0.3311691284179687,-0.3640453815460205,0.0680676028132438,0.928890585899353
300,1650639988.5584643,33.27335739135742,-69.20170593261719,1503.16650390625,-0.6408296823501587,0.7028988003730774,0.3086593747138977,-0.5110906958580017,-0.6906424164772034,0.5116633176803589,0.572820782661438,0.1701361089944839,0.8018291592597961
4,1650639988.5584884,-256.1033935546875,-135.44776916503906,1465.51123046875,-0.2452863156795501,0.9556517601013184,-0.1629858314990997,-0.8998440504074097,-0.286989152431488,-0.3285086452960968,-0.3607150018215179,0.066083163022995,0.9303320646286012
300,1650639988.5857627,33.26870346069336,-69.18978881835938,1503.155029296875,-0.6408092379570007,0.7030993103981018,0.3082448542118072,-0.5109249949455261,-0.6902704238891602,0.5123304128646851,0.5729914307594299,0.170816034078598,0.8015626668930054
4,1650639988.5857873,-256.18365478515625,-135.60986328125,1465.7412109375,-0.2447802871465683,0.9557826519012452,-0.1629790961742401,-0.9003502726554871,-0.2864450216293335,-0.3275952935218811,-0.3597944378852844,0.0665493980050087,0.9306552410125732
300,1650639988.622858,33.272769927978516,-69.18692016601562,1503.150634765625,-0.6408217549324036,0.7028944492340088,0.3086857199668884,-0.5110577344894409,-0.6906437873840332,0.5116944313049316,0.5728590488433838,0.1701487004756927,0.8017991781234741
4,1650639988.6228845,-256.1719970703125,-135.92059326171875,1466.064453125,-0.2448604106903076,0.9556478261947632,-0.16364786028862,-0.9013585448265076,-0.2865550518035888,-0.3247136175632477,-0.3572059869766235,0.0679958909749984,0.9315473437309264
300,1650639988.6502736,33.285560607910156,-69.16805267333984,1503.17578125,-0.6409237384796143,0.7029423117637634,0.3083648383617401,-0.5111308693885803,-0.690535843372345,0.5117670297622681,0.5726796388626099,0.1703888326883316,0.8018763065338135
4,1650639988.6502974,-256.02105712890625,-136.19760131835938,1466.3492431640625,-0.2439785599708557,0.9558892846107484,-0.163554698228836,-0.9021093845367432,-0.2855981886386871,-0.3234691917896271,-0.3559116721153259,0.0686246752738952,0.931996524333954
300,1650639988.6871824,33.29902267456055,-69.1520004272461,1503.1455078125,-0.6408790349960327,0.703126072883606,0.308038592338562,-0.5110615491867065,-0.6902320384979248,0.5122458338737488,0.5727915167808533,0.1708609461784362,0.8016959428787231
4,1650639988.6872082,-255.4951934814453,-136.65394592285156,1466.74609375,-0.2418901473283767,0.9557023644447328,-0.1676965057849884,-0.9041335582733154,-0.2847325801849365,-0.318543404340744,-0.3521813452243805,0.0745675340294838,0.9329565763473512
300,1650639988.712931,33.30982971191406,-69.12794494628906,1503.1485595703125,-0.6409847736358643,0.7029619216918945,0.3081932365894317,-0.5111307501792908,-0.6904730796813965,0.5118517875671387,0.5726114511489868,0.1705621778964996,0.8018881678581238
4,1650639988.712956,-255.0005340576172,-137.0365753173828,1467.06689453125,-0.2395380586385727,0.9558835029602052,-0.1700241714715957,-0.9056066274642944,-0.2831096053123474,-0.3157936632633209,-0.3499974310398102,0.0783304050564765,0.9334699511528016
300,1650639988.7519455,33.31526184082031,-69.0980224609375,1503.1575927734375,-0.6409711241722107,0.7028974890708923,0.3083685338497162,-0.5113399028778076,-0.6906490325927734,0.511405348777771,0.572439968585968,0.1701149046421051,0.8021056056022644
4,1650639988.751975,-254.3410186767578,-137.60406494140625,1467.601806640625,-0.2360223829746246,0.9563151001930236,-0.1724959313869476,-0.9080642461776732,-0.2802556753158569,-0.311249315738678,-0.3459953665733337,0.0831755846738815,0.9345421195030212
300,1650639988.781527,33.32040023803711,-69.08771514892578,1503.1741943359375,-0.640922486782074,0.702693521976471,0.3089338839054107,-0.5114696621894836,-0.6910490393638611,0.5107347965240479,0.5723785161972046,0.1693310886621475,0.8023152947425842
4,1650639988.7815523,-253.7347869873047,-137.9502716064453,1467.8790283203125,-0.2334177792072296,0.9565194845199584,-0.1748904585838318,-0.9093989729881288,-0.2784158885478973,-0.3089953660964966,-0.3442523777484894,0.0869201868772506,0.9348450303077698
300,1650639988.8165247,33.32891082763672,-69.08625030517578,1503.13671875,-0.6409413814544678,0.703088641166687,0.3079943060874939,-0.5113305449485779,-0.6903435587882996,0.5118269920349121,0.572481632232666,0.1705641895532608,0.8019804954528809
4,1650639988.8165507,-252.8586578369141,-138.283447265625,1468.0662841796875,-0.2298201024532318,0.9560521245002748,-0.1820631772279739,-0.9107874035835266,-0.2772072255611419,-0.3059778809547424,-0.343000054359436,0.0955009832978248,0.9344680309295654
300,1650639988.842595,33.333072662353516,-69.07655334472656,1503.12109375,-0.6410088539123535,0.7029749751091003,0.3081133365631103,-0.511401355266571,-0.6905200481414795,0.511518120765686,0.5723428726196289,0.1703180521726608,0.8021317720413208
4,1650639988.8426208,-252.1736602783203,-138.47779846191406,1468.13720703125,-0.2263269275426864,0.9562814235687256,-0.1852078884840011,-0.9118563532829284,-0.2748652100563049,-0.3049051761627197,-0.3424823582172394,0.09987473487854,0.934200644493103
300,1650639988.896136,33.31861877441406,-69.08352661132812,1503.122802734375,-0.6408650279045105,0.7028554677963257,0.3086846768856048,-0.5113241076469421,-0.6907661557197571,0.5112629532814026,0.5725728869438171,0.1698126345872879,0.8020747900009155
4,1650639988.8961625,-250.62835693359375,-139.08648681640625,1468.458251953125,-0.2195789664983749,0.9565225839614868,-0.1919624358415603,-0.9146342873573304,-0.2702975273132324,-0.300638198852539,-0.3394542038440704,0.1095615997910499,0.934220016002655
300,1650639988.9279714,33.31364822387695,-69.09280395507812,1503.164306640625,-0.6408711075782776,0.7029828429222107,0.3083818554878235,-0.5113598108291626,-0.6905626654624939,0.5115020871162415,0.5725341439247131,0.1701128035783767,0.802038848400116
4,1650639988.9279969,-249.68780517578125,-139.47555541992188,1468.7818603515625,-0.2143960893154144,0.957280933856964,-0.1940296739339828,-0.9165266752243042,-0.2658407390117645,-0.2988436818122864,-0.3376583456993103,0.1137624606490135,0.9343687295913696
300,1650639988.9858866,33.33028030395508,-69.06319427490234,1503.17919921875,-0.6409440636634827,0.702764093875885,0.3087285161018371,-0.5115039348602295,-0.6909318566322327,0.510858952999115,0.572323739528656,0.1695161908864975,0.8023152947425842
4,1650639988.9859118,-248.75086975097656,-139.6328582763672,1468.6707763671875,-0.2072042822837829,0.9593111276626588,-0.1918033361434936,-0.918857991695404,-0.258136123418808,-0.2984388172626495,-0.335807055234909,0.1144022345542907,0.9349576234817504
300,1650639989.0154176,33.33230209350586,-69.05042266845703,1503.15625,-0.640694260597229,0.7029402852058411,0.3088459372520447,-0.5113173127174377,-0.6907075047492981,0.5113490223884583,0.5727699995040894,0.1697001010179519,0.8019578456878662
4,1650639989.015443,-248.9976806640625,-139.68569946289062,1468.8656005859375,-0.2058672159910202,0.9609594345092772,-0.1848665475845337,-0.9192266464233398,-0.2546897232532501,-0.3002591431140899,-0.3356204926967621,0.1081207320094108,0.9357717633247375
300,1650639989.059229,33.33842849731445,-69.04686737060547,1503.1776123046875,-0.6407708525657654,0.7030438184738159,0.3084511458873749,-0.5113255381584167,-0.6905007362365723,0.5116199254989624,0.572676956653595,0.1701121926307678,0.8019369840621948
4,1650639989.059259,-249.8232879638672,-139.88784790039062,1469.4044189453125,-0.2078422158956527,0.9619463682174684,-0.1773718893527984,-0.9199525117874146,-0.2538532018661499,-0.2987406551837921,-0.3323988914489746,0.1010827869176864,0.9377063512802124
300,1650639989.0887816,33.34608840942383,-69.01908874511719,1503.177734375,-0.640740156173706,0.7028592824935913,0.3089350461959839,-0.5114613175392151,-0.690861701965332,0.5109965205192566,0.5725900530815125,0.1694076806306839,0.802148163318634
4,1650639989.088806,-250.60873413085935,-139.77142333984375,1469.5313720703125,-0.2097049504518509,0.9630447626113892,-0.1690223962068557,-0.9198380708694458,-0.2529273629188537,-0.2998760938644409,-0.3315444886684418,0.0925877317786216,0.9388853907585144
300,1650639989.1237135,33.35844039916992,-68.99706268310547,1503.1624755859375,-0.640882134437561,0.7029290795326233,0.3084813356399536,-0.5114912986755371,-0.6906853318214417,0.5112048983573914,0.5724043250083923,0.1698365956544876,0.8021900057792664
4,1650639989.1237388,-251.7538146972656,-139.37701416015625,1469.4327392578125,-0.2140030264854431,0.9634469151496888,-0.1611605584621429,-0.9185011982917786,-0.2546245753765106,-0.3025258481502533,-0.3325030505657196,0.083284705877304,0.939417600631714
300,1650639989.1514268,33.36140441894531,-68.99994659423828,1503.19384765625,-0.6409491896629333,0.7028254270553589,0.3085781931877136,-0.5116503834724426,-0.6908712387084961,0.5107943415641785,0.572187066078186,0.1695090532302856,0.8024142980575562
4,1650639989.1514506,-252.5915069580078,-139.18804931640625,1469.4859619140625,-0.2166206985712051,0.963912546634674,-0.1547517478466034,-0.917506456375122,-0.255170077085495,-0.3050740659236908,-0.333552747964859,0.0759003609418869,0.9396710395812988
300,1650639989.1886077,33.36640930175781,-68.98965454101562,1503.1778564453125,-0.6409270167350769,0.7030341029167175,0.3081487715244293,-0.511654257774353,-0.6905375719070435,0.5112414360046387,0.5722084641456604,0.1700028181076049,0.8022945523262024
4,1650639989.1886327,-253.4751892089844,-138.9378662109375,1469.463623046875,-0.2208378612995147,0.9637273550033568,-0.1498672664165496,-0.9170922040939332,-0.2574840784072876,-0.304374486207962,-0.3319224417209625,0.0702246949076652,0.9406890869140624
300,1650639989.2144854,33.3735466003418,-68.9864730834961,1503.1900634765625,-0.6410484910011292,0.7030025124549866,0.3079680800437927,-0.5116422772407532,-0.6905264854431152,0.5112683773040771,0.572083055973053,0.1701782941818237,0.8023467659950256
4,1650639989.214511,-253.8324737548828,-138.82846069335938,1469.518310546875,-0.2213993966579437,0.9639755487442015,-0.1474225521087646,-0.9164697527885436,-0.2573413252830505,-0.3063634932041168,-0.3332648277282715,0.067279614508152,0.9404296875
300,1650639989.2549486,33.372169494628906,-68.98092651367188,1503.1815185546875,-0.6407389640808105,0.703011155128479,0.3085917234420776,-0.5115489363670349,-0.6906368136405945,0.5112127661705017,0.5725130438804626,0.1696941554546356,0.8021425604820251
4,1650639989.254973,-253.6155242919922,-138.92593383789062,1469.6337890625,-0.2186059802770614,0.964938223361969,-0.1452780067920684,-0.917353093624115,-0.2539755403995514,-0.3065284192562103,-0.3326780498027801,0.0662622898817062,0.94070965051651
300,1650639989.2845898,33.381954193115234,-68.96772003173828,1503.17578125,-0.6407209038734436,0.7029091715812683,0.3088615536689758,-0.511642336845398,-0.6908421516418457,0.5108416676521301,0.5724498629570007,0.1692803055047989,0.8022750616073608
4,1650639989.2846153,-252.81349182128903,-139.00421142578125,1469.559814453125,-0.2151834517717361,0.9652555584907532,-0.1482488960027694,-0.9181994795799256,-0.2516737580299377,-0.305892139673233,-0.3325744569301605,0.0702991336584091,0.9404532313346864
300,1650639989.3195777,33.39091873168945,-68.9607925415039,1503.1832275390625,-0.6407156586647034,0.7030198574066162,0.3086203932762146,-0.5115818381309509,-0.6906436085700989,0.5111706256866455,0.5725098252296448,0.1696304082870483,0.8021583557128906
4,1650639989.319608,-251.9867248535156,-138.9897918701172,1469.454833984375,-0.2096121609210968,0.9663270115852356,-0.1492477059364318,-0.9186131954193116,-0.2469125390052795,-0.3085189759731293,-0.3349813520908355,0.0724315866827964,0.9394366145133972
300,1650639989.3453977,33.397727966308594,-68.95819854736328,1503.1669921875,-0.640719473361969,0.7032091617584229,0.3081808090209961,-0.511616587638855,-0.690338134765625,0.5115483403205872,0.572474479675293,0.1700885593891143,0.802086591720581
4,1650639989.3454344,-251.3263397216797,-138.99142456054688,1469.339111328125,-0.206317126750946,0.9667564630508424,-0.1510471403598785,-0.9193460941314696,-0.2443769127130508,-0.3083548247814178,-0.3350164294242859,0.0752457156777381,0.9392029047012328
300,1650639989.3844185,33.40378952026367,-68.95552825927734,1503.16357421875,-0.6409589052200317,0.7031301259994507,0.3078630864620209,-0.5117946863174438,-0.6904041171073914,0.5112810730934143,0.5720470547676086,0.1701474785804748,0.8023789525032043
4,1650639989.384444,-250.65728759765625,-138.81593322753906,1469.0260009765625,-0.1997963190078735,0.9689220786094666,-0.1458473205566406,-0.9194838404655457,-0.2368340641260147,-0.3137820065021515,-0.3385719358921051,0.0714117512106895,0.9382267594337464
300,1650639989.410635,33.39900207519531,-68.95732116699219,1503.1717529296875,-0.6407749652862549,0.7031250596046448,0.3082573711872101,-0.5116709470748901,-0.6904665231704712,0.5113206505775452,0.5723637342453003,0.1699151545763015,0.8022023439407349
4,1650639989.410668,-250.49273681640625,-138.52261352539062,1468.69482421875,-0.1972358673810959,0.9696189165115356,-0.1446969658136367,-0.9187180399894714,-0.2343201339244842,-0.3178855776786804,-0.3421332538127899,0.0702372714877128,0.9370226860046388
300,1650639989.4497583,33.41103744506836,-68.94725799560547,1503.160888671875,-0.640760064125061,0.7031283974647522,0.3082807064056396,-0.5116395950317383,-0.6904590129852295,0.5113621950149536,0.5724084377288818,0.1699318587779998,0.8021668791770935
4,1650639989.4497974,-250.70428466796875,-137.78616333007812,1467.9765625,-0.1965448260307312,0.970666766166687,-0.1384779065847396,-0.9167811274528505,-0.2320118844509124,-0.3250889480113983,-0.3476815521717071,0.063059389591217,0.9354897141456604
300,1650639989.488277,33.41856002807617,-68.94300842285156,1503.178955078125,-0.640924334526062,0.702979564666748,0.3082786500453949,-0.5118229985237122,-0.6906793713569641,0.5108808875083923,0.5720605254173279,0.1696518957614898,0.802474319934845
4,1650639989.4883204,-251.57855224609375,-136.67062377929688,1467.007568359375,-0.1998033374547958,0.9708835482597352,-0.132150650024414,-0.9136146306991576,-0.2333379685878753,-0.3329589664936065,-0.3541001677513122,0.0542084537446498,0.933635115623474
300,1650639989.5205266,33.41779708862305,-68.94646453857422,1503.1748046875,-0.64087975025177,0.7030956149101257,0.3081066310405731,-0.5117226243019104,-0.690479040145874,0.5112520456314087,0.5722002387046814,0.1699859499931335,0.8023039698600769
4,1650639989.520553,-252.78079223632812,-135.34619140625,1465.9471435546875,-0.204885795712471,0.9704864621162416,-0.1271922141313552,-0.9092973470687866,-0.2368157804012298,-0.3421938717365265,-0.3622156381607055,0.0455448776483535,0.930980920791626
300,1650639989.5516405,33.40823745727539,-68.94915008544922,1503.1820068359375,-0.6407607197761536,0.703119695186615,0.3082992136478424,-0.511771559715271,-0.6905122995376587,0.5111581683158875,0.5722897052764893,0.1697513163089752,0.8022898435592651
4,1650639989.551664,-254.37391662597656,-133.7058563232422,1464.695068359375,-0.2119081169366836,0.970259130001068,-0.1170136779546737,-0.9039376974105836,-0.2401040345430374,-0.3539020717144012,-0.3714721798896789,0.0307783521711826,0.9279338121414183
300,1650639989.5931125,33.40928649902344,-68.95368194580078,1503.1806640625,-0.6407943964004517,0.7030715346336365,0.30833899974823,-0.5117385983467102,-0.6905657649040222,0.5111189484596252,0.572281539440155,0.1697331815958023,0.8022994995117188
4,1650639989.5931382,-256.1033020019531,-131.77252197265625,1463.250732421875,-0.2209876924753189,0.9689996242523192,-0.1104722619056701,-0.8969622254371643,-0.2464076280593872,-0.3670722246170044,-0.3829140663146972,0.0179710052907466,0.9236091375350952
300,1650639989.6334572,33.41383743286133,-68.96075439453125,1503.1793212890625,-0.6408795118331909,0.7033381462097168,0.307553082704544,-0.5116731524467468,-0.6900614500045776,0.5118650197982788,0.5722447037696838,0.1706771701574325,0.8021254539489746
4,1650639989.633483,-258.5736389160156,-129.50143432617188,1461.7891845703125,-0.2320213764905929,0.9679780006408693,-0.0958368629217147,-0.8888034224510193,-0.2510065734386444,-0.3834373354911804,-0.3952145874500274,-0.0037855252157896,0.9185810089111328
300,1650639989.6629474,33.41202926635742,-68.9614028930664,1503.18212890625,-0.6408112049102783,0.7032037377357483,0.3080024421215057,-0.5116773247718811,-0.6903198957443237,0.5115122199058533,0.5723175406455994,0.1701848953962326,0.802178144454956
4,1650639989.662971,-260.27423095703125,-128.13076782226562,1461.0360107421875,-0.2403664737939834,0.9667900204658508,-0.0868386924266815,-0.8841071724891663,-0.2549823820590973,-0.3915846645832062,-0.400722473859787,-0.0173491146415472,0.9160352349281312
300,1650639989.6981852,33.4123420715332,-68.97102355957031,1503.1722412109375,-0.640949010848999,0.7032521963119507,0.3076047301292419,-0.5117195248603821,-0.6901837587356567,0.51165372133255,0.5721253752708435,0.170536607503891,0.8022404909133911
4,1650639989.6982243,-262.08624267578125,-126.79817962646484,1460.3656005859375,-0.2495714426040649,0.9651909470558168,-0.0782341510057449,-0.8792704343795776,-0.2597191929817199,-0.3992861211299896,-0.4057062566280365,-0.0308614335954189,0.9134823679924012
300,1650639989.7245035,33.41474533081055,-68.96910858154297,1503.17431640625,-0.6410229206085205,0.7032245993614197,0.3075139224529266,-0.5117617249488831,-0.6902056336402893,0.5115819573402405,0.5720048546791077,0.1705618947744369,0.8023210763931274
4,1650639989.72453,-263.2223815917969,-126.09258270263672,1460.0755615234375,-0.2548350095748901,0.9642645716667176,-0.0724775791168212,-0.8767465353012085,-0.2620202302932739,-0.4033123850822449,-0.4078904390335083,-0.0392336472868919,0.9121875166893004
300,1650639989.7631445,33.411216735839844,-68.97666931152344,1503.1798095703125,-0.6410490870475769,0.7033696174621582,0.3071274161338806,-0.5116798877716064,-0.6899266242980957,0.5120400190353394,0.5720487833023071,0.1710918545722961,0.8021768927574158
4,1650639989.763171,-264.4324035644531,-125.46932220458984,1459.884521484375,-0.2607024013996124,0.96301531791687,-0.0680866613984108,-0.8743281364440918,-0.2654214203357696,-0.4063271880149841,-0.4093709588050842,-0.0464003793895244,0.9111873507499696
300,1650639989.7934709,33.4051399230957,-68.97674560546875,1503.1766357421875,-0.6408501267433167,0.703245222568512,0.3078266978263855,-0.5117126107215881,-0.6902422904968262,0.5115816593170166,0.5722423791885376,0.1703283637762069,0.8022012710571289
4,1650639989.793496,-264.8080139160156,-125.53280639648438,1460.059326171875,-0.2626479864120483,0.962620973587036,-0.0661581978201866,-0.874247133731842,-0.2664278745651245,-0.4058425724506378,-0.4082989394664764,-0.048755120486021,0.9115453362464904
300,1650639989.828469,33.402565002441406,-68.98212432861328,1503.1531982421875,-0.6407719850540161,0.703194797039032,0.3081043660640716,-0.5116068124771118,-0.6903331279754639,0.5115649104118347,0.5724244117736816,0.1701681911945343,0.8021053671836853
4,1650639989.8284943,-264.3753967285156,-126.16414642333984,1460.4290771484375,-0.2606597542762756,0.9628633260726928,-0.0703615322709083,-0.8761401772499084,-0.2665347158908844,-0.4016686081886291,-0.4055057466030121,-0.0430522710084915,0.9130780696868896
300,1650639989.8571875,33.385345458984375,-68.97877502441406,1503.1290283203125,-0.6404629349708557,0.7033047676086426,0.308495819568634,-0.5114230513572693,-0.6902484893798828,0.5118628144264221,0.5729343295097351,0.1700572818517685,0.8017647862434387
4,1650639989.8572114,-263.5009765625,-127.07731628417967,1460.9237060546875,-0.2572270333766937,0.9633743166923524,-0.0757899731397628,-0.8794969916343689,-0.2658831477165222,-0.3947039246559143,-0.4003989100456238,-0.0348714664578437,0.9156771898269652
300,1650639989.893385,33.3817138671875,-68.97053527832031,1503.1337890625,-0.6406512260437012,0.7031253576278687,0.3085136711597442,-0.5116986632347107,-0.6905350089073181,0.5112004280090332,0.5724774599075317,0.1696351468563079,0.8021804690361023
4,1650639989.8934102,-262.25848388671875,-128.26304626464844,1461.5557861328125,-0.2517737746238708,0.964195728302002,-0.0832861214876174,-0.8839593529701233,-0.2641472220420837,-0.3858006596565246,-0.3939871490001678,-0.0235129408538341,0.9188151359558104
300,1650639989.9202037,33.378074645996094,-68.9629135131836,1503.1370849609375,-0.6406311988830566,0.7032507061958313,0.3082694113254547,-0.5115610361099243,-0.6902961730957031,0.5116605758666992,0.5726228952407837,0.1700871139764785,0.8019809126853943
4,1650639989.920229,-261.5536804199219,-129.06109619140625,1462.0675048828125,-0.2476342171430587,0.9649611115455629,-0.0867601633071899,-0.886580228805542,-0.2618075311183929,-0.381355881690979,-0.3907080590724945,-0.0175169166177511,0.9203479886054992
300,1650639989.959844,33.38447952270508,-68.96847534179688,1503.1302490234375,-0.6408291459083557,0.7032654285430908,0.3078241944313049,-0.5115236639976501,-0.6901627779006958,0.5118777751922607,0.5724347829818726,0.1705668270587921,0.8020133376121521
4,1650639989.9598827,-260.5984191894531,-129.9327850341797,1462.551513671875,-0.2431956380605697,0.9655413627624512,-0.092659093439579,-0.889378011226654,-0.260092943906784,-0.3759765923023224,-0.3871209323406219,-0.0090269073843956,0.9219847321510316
300,1650639989.9946306,33.384517669677734,-68.97274017333984,1503.1373291015625,-0.640845775604248,0.7032314538955688,0.307867169380188,-0.511577308177948,-0.6902270317077637,0.5117375254631042,0.5723682045936584,0.17044697701931,0.802086353302002
4,1650639989.9946568,-259.9046325683594,-130.26058959960938,1462.6519775390625,-0.2404866516590118,0.9657188653945924,-0.097740463912487,-0.8906500935554504,-0.2595758140087127,-0.373313307762146,-0.3858867883682251,-0.0027243157383054,0.9225420951843262
300,1650639990.0202994,33.388145446777344,-68.97319793701172,1503.1719970703125,-0.6410475969314575,0.7032431960105896,0.307419866323471,-0.511687695980072,-0.6901403069496155,0.5117441415786743,0.5720434188842773,0.1707493811845779,0.8022536635398865
4,1650639990.0203254,-259.8620910644531,-129.96351623535156,1462.3482666015625,-0.2402876913547516,0.96577787399292,-0.0976471826434135,-0.8897625803947449,-0.2593488395214081,-0.3755805790424347,-0.3880520761013031,-0.003364588599652,0.9216312766075134
300,1650639990.0511892,33.386444091796875,-68.98890686035156,1503.1610107421875,-0.6408827304840088,0.7032511234283447,0.3077453076839447,-0.5115790963172913,-0.6901765465736389,0.5118038654327393,0.5723252296447754,0.1705701649188995,0.8020908236503601
4,1650639990.0512302,-260.2498474121094,-129.1472930908203,1461.724853515625,-0.2424380630254745,0.9652847051620485,-0.0972068980336189,-0.8866293430328369,-0.2611225843429565,-0.3817112147808075,-0.3938429057598114,-0.0063548353500664,0.919155776500702
300,1650639990.091479,33.38515853881836,-69.00096893310547,1503.1927490234375,-0.6408885717391968,0.703278660774231,0.3076702952384949,-0.5115756988525391,-0.6901268362998962,0.511874258518219,0.5723217725753784,0.1706577092409134,0.802074670791626
4,1650639990.0915313,-261.11834716796875,-127.6090850830078,1460.607666015625,-0.2464216947555542,0.9649043083190918,-0.090752325952053,-0.8814964294433594,-0.2620640695095062,-0.3927931785583496,-0.402790755033493,-0.0167949125170707,0.9151380062103271
300,1650639990.1193416,33.38315200805664,-69.00634765625,1503.1771240234375,-0.6408106684684753,0.7031151056289673,0.3082057237625122,-0.511454164981842,-0.6904009580612183,0.5116260051727295,0.5725175142288208,0.1702222973108291,0.8020274639129639
4,1650639990.1193678,-261.2226867675781,-126.95550537109376,1460.092529296875,-0.2472754716873169,0.9648277163505554,-0.0892320051789283,-0.8795834183692932,-0.2621451914310455,-0.3970049023628235,-0.4064330458641052,-0.0196825768798589,0.9134685397148132
300,1650639990.163073,33.35697937011719,-69.02399444580078,1503.19287109375,-0.6405959725379944,0.7032167911529541,0.3084200918674469,-0.5112900137901306,-0.6902893781661987,0.5119405388832092,0.5729042887687683,0.1702549308538437,0.8017443418502808
4,1650639990.1630998,-260.2785339355469,-127.14543914794922,1460.0245361328125,-0.2445795834064483,0.9647063612937928,-0.0975832194089889,-0.8800937533378601,-0.2631071507930755,-0.395233690738678,-0.4069592952728271,-0.0107837105169892,0.913382649421692
300,1650639990.1931388,33.361122131347656,-69.0250473022461,1503.211669921875,-0.640654981136322,0.7028965353965759,0.3090269565582275,-0.5114574432373047,-0.6908406019210815,0.5110289454460144,0.5726888179779053,0.1693390756845474,0.8020921349525452
4,1650639990.1931636,-259.3350830078125,-127.8853759765625,1460.4537353515625,-0.2404354959726333,0.965140461921692,-0.1034149155020713,-0.8820650577545166,-0.2617155909538269,-0.3917475640773773,-0.4051567018032074,-0.002971336711198,0.9142424464225768
